$ANSIBLE_VAULT;1.1;AES256
36646438386364363862623665643935643632393235346533636666336536353565386339636337
3130633635303561396464653061333066353339333233610a613836623664633737353933333764
39386462343662653330363135313638333235393439356666376333343238663535393437333863
6264343830363664640a323339633335343337386365383966656432653461323630356463393138
63643234326131373630626331316562386261336138316234393632383963313931366530336335
30633835316238373036656237353338346337313066623464333565663232366339346131353339
61303132306539646561363937636439643837393632396230633339653831363465323831613863
32666430333439326333653732323262613634303464393165316131653662396666316566353735
63613463626530303138666565323038373263393861613365613365313432363738363239313334
61656632626361306533356430373339383334363931643632636636346331663862383662663631
61663033303661616161323731353364663036383532636564313966343064313638386538383464
65663861326532373233316332656331346531313931383661383139373831653735643134313135
36626630633666346165323932653036636437633463386232303637306533653161656563623864
38656232643638613635383635376630396533623939646461396131326134326232333731633539
66386164366165343462333531313537356166363933643166353438633935643935393630333531
39653062306261663664
